System:,Log-Version,0.1,Lib-Version,4.4
PC:,Host-Name,W7-DESKTOP-1,Time,2014-04-23T13:44:43.5726266Z




SignalName: time [ms],D0 P,D0 V,D0 A,D1 P,D1 V,D1 A
Uri: ,,,,,,
Unit: ms,rad,rad/s,rad/s^2,rad,rad/s,rad/s^2
0,0.1,0,0,1.2,0,0
0,0.1,0,0,1.2,0,0
0.1,0.0999999086,-0.0024999999,-50,1.2,0,0
0.2,0.0999993252,-0.0099999998,-100,1.2,0,0
0.3,0.0999977419,-0.022499999,-150,1.2,0,0
0.4,0.0999946586,-0.0399999991,-200,1.2,0,0
0.5,0.0999895752,-0.0624999925,-249.9999847412,1.2,0,0
0.6,0.0999819919,-0.0899999961,-300,1.2,0,0
0.7,0.0999714085,-0.1224999949,-350,1.2,0,0
0.8,0.0999573252,-0.1599999964,-400,1.2,0,0
0.9,0.0999392419,-0.2025000006,-450,1.2,0,0
1,0.0999166586,-0.2499999702,-499.9999694824,1.2,0,0
1.1,0.0998890752,-0.3025000095,-550,1.2,0,0
1.2,0.0998559919,-0.3599999845,-600,1.2,0,0
1.3,0.0998169086,-0.4225000143,-650,1.2,0,0
1.4,0.0997713252,-0.4899999797,-700,1.2,0,0
1.5,0.0997187419,-0.5625,-750,1.2,0,0
1.6,0.0996586586,-0.6399999857,-800,1.2,0,0
1.7,0.0995905753,-0.722499907,-849.9999389648,1.2,0,0
1.8,0.0995139919,-0.8100000024,-900,1.2,0,0
1.9,0.0994284086,-0.9024999142,-949.9999389648,1.2,0,0
2,0.0993333254,-0.9999998808,-999.9999389648,1.2,0,0
2.1,0.0992282419,-1.1024999619,-1050,1.2,0,0
2.2,0.0991126585,-1.2100000381,-1100,1.2,0,0
2.3,0.0989860751,-1.3224999905,-1150,1.2,0,0
2.4,0.098847992,-1.439999938,-1200,1.2,0,0
2.5,0.0986979085,-1.5625,-1250,1.2,0,0
2.6,0.0985353252,-1.6900000572,-1300,1.2,0,0
2.7,0.0983597423,-1.822499752,-1349.9998779297,1.2,0,0
2.8,0.0981706585,-1.9599999189,-1400,1.2,0,0
2.9,0.0979675753,-2.1024999619,-1450,1.1999999625,-0.0024999999,-50
3,0.0977499919,-2.25,-1500,1.199999379,-0.0099999998,-100
3.1,0.097517409,-2.4024996758,-1549.9998779297,1.1999977957,-0.022499999,-150
3.2,0.0972693252,-2.5599999428,-1600,1.1999947126,-0.0399999991,-200
3.3,0.097005242,-2.7225000858,-1650,1.199989629,-0.0624999925,-249.9999847412
3.4,0.0967246592,-2.8899996281,-1699.9998779297,1.1999820457,-0.0899999961,-300
3.5,0.0964270756,-3.0624997616,-1749.9998779297,1.1999714626,-0.1224999949,-350
3.6,0.0961119922,-3.2400000095,-1800,1.1999573791,-0.1599999964,-400
3.7,0.0957789084,-3.4224998951,-1850,1.1999392956,-0.2025000006,-450
3.8,0.0954273257,-3.6099996567,-1899.9998779297,1.1999167125,-0.2499999702,-499.9999694824
3.9,0.0950567423,-3.8025000095,-1950,1.199889129,-0.3025000095,-550
4,0.0946666597,-3.9999995232,-1999.9998779297,1.1998560457,-0.3599999845,-600
4.1,0.094256575,-4.2024998665,-2050,1.1998169627,-0.4225000143,-650
4.2,0.0938259925,-4.4099998474,-2100,1.1997713791,-0.4899999797,-700
4.3,0.09337441,-4.6224989891,-2149.9997558594,1.1997187957,-0.5625,-750
4.4,0.0929013247,-4.8400001526,-2200,1.1996587124,-0.6399999857,-800
4.5,0.0924062427,-5.0625,-2250,1.1995906294,-0.722499907,-849.9999389648
4.6,0.0918886579,-5.2899999619,-2300,1.1995140458,-0.8100000024,-900
4.7,0.0913480749,-5.5225000381,-2350,1.1994284624,-0.9024999142,-949.9999389648
4.8,0.0907839925,-5.759999752,-2400,1.1993333795,-0.9999998808,-999.9999389648
4.9,0.0901959076,-6.0025000572,-2450,1.1992282961,-1.1024999619,-1050
5,0.0895833246,-6.25,-2500,1.1991127124,-1.2100000381,-1100
5.1,0.0889457436,-6.5024991035,-2549.9997558594,1.1989861289,-1.3224999905,-1150
5.2,0.0882826585,-6.7600002289,-2600,1.1988480459,-1.439999938,-1200
5.3,0.0875935751,-7.0224995613,-2650,1.1986979623,-1.5625,-1250
5.4,0.0868779949,-7.2899990082,-2699.9997558594,1.198535379,-1.6900000572,-1300
5.5,0.0861354078,-7.5625,-2750,1.1983597963,-1.822499752,-1349.9998779297
5.6,0.085365325,-7.8399996758,-2800,1.1981707127,-1.9599999189,-1400
5.7,0.0845672443,-8.1224985123,-2849.9997558594,1.1979676294,-2.1024999619,-1450
5.8,0.0837406591,-8.4099998474,-2900,1.1977500459,-2.25,-1500
5.9,0.0828850757,-8.7024993896,-2950,1.197517463,-2.4024996758,-1549.9998779297
6,0.0819999917,-9,-3000,1.1972693792,-2.5599999428,-1600
6.1,0.0810849933,-9.2999992371,-3000,1.1970052961,-2.7225000858,-1650
6.2,0.0801399932,-9.5999994278,-3000,1.1967247133,-2.8899996281,-1699.9998779297
6.3,0.0791649933,-9.8999996185,-3000,1.1964271297,-3.0624997616,-1749.9998779297
6.4,0.0781599937,-10.1999998093,-3000,1.196112046,-3.2400000095,-1800
6.5,0.0771249932,-10.5,-3000,1.1957789622,-3.4224998951,-1850
6.6,0.076059994,-10.7999992371,-3000,1.1954273796,-3.6099996567,-1899.9998779297
6.7,0.0749649943,-11.0999994278,-3000,1.1950567961,-3.8025000095,-1950
6.8,0.0738399939,-11.3999996185,-3000,1.1946667135,-3.9999995232,-1999.9998779297
6.9,0.0726849942,-11.6999988556,-3000,1.1942566289,-4.2024998665,-2050
7,0.0714999937,-12,-3000,1.1938260463,-4.4099998474,-2100
7.1,0.0702849947,-12.2999992371,-3000,1.1933744638,-4.6224989891,-2149.9997558594
7.2,0.0690399946,-12.5999994278,-3000,1.1929013785,-4.8400001526,-2200
7.3,0.0677649945,-12.8999996185,-3000,1.1924062967,-5.0625,-2250
7.4,0.0664599944,-13.1999988556,-3000,1.1918887119,-5.2899999619,-2300
7.5,0.0651250442,-13.498503685,-2970.095703125,1.191348129,-5.5225000381,-2350
7.6,0.0637604267,-13.7930135727,-2920.095703125,1.1907840464,-5.759999752,-2400
7.7,0.0623666082,-14.0825233459,-2870.095703125,1.1901959614,-6.0025000572,-2450
7.8,0.0609440887,-14.3670330048,-2820.095703125,1.1895833784,-6.25,-2500
7.9,0.0594933684,-14.6465415955,-2770.095703125,1.1889457977,-6.5024991035,-2549.9997558594
8,0.0580149473,-14.9210519791,-2720.095703125,1.1882827124,-6.7600002289,-2600
8.1,0.0565093249,-15.1905612946,-2670.095703125,1.1875936291,-7.0224995613,-2650
8.2,0.0549770016,-15.4550704956,-2620.095703125,1.1868780488,-7.2899990082,-2699.9997558594
8.3,0.0534184771,-15.7145805359,-2570.095703125,1.1861354616,-7.5625,-2750
8.4,0.0518342527,-15.9690895081,-2520.095703125,1.1853653789,-7.8399996758,-2800
8.5,0.0502248263,-16.2185993195,-2470.095703125,1.1845672983,-8.1224985123,-2849.9997558594
8.6,0.0485906988,-16.4631080627,-2420.095703125,1.1837407132,-8.4099998474,-2900
8.7,0.0469323703,-16.7026176453,-2370.095703125,1.1828851295,-8.7024993896,-2950
8.8,0.0452503417,-16.937128067,-2320.095703125,1.1820000457,-9,-3000
8.9,0.0435451116,-17.1666374207,-2270.095703125,1.1810850473,-9.2999992371,-3000
9,0.0418171808,-17.3911476135,-2220.095703125,1.1801400473,-9.5999994278,-3000
9.1,0.0400670494,-17.6106567383,-2170.095703125,1.1791650471,-9.8999996185,-3000
9.2,0.0382952159,-17.8251667023,-2120.095703125,1.1781600476,-10.1999998093,-3000
9.3,0.0365021824,-18.0346755981,-2070.095703125,1.177125047,-10.5,-3000
9.4,0.0346884502,-18.2391853333,-2020.0958251953,1.1760600479,-10.7999992371,-3000
9.5,0.0328545141,-18.4386959076,-1970.095703125,1.1749650482,-11.0999994278,-3000
9.6,0.031000877,-18.6332054138,-1920.095703125,1.1738400478,-11.3999996185,-3000
9.7,0.0291280355,-18.8227157593,-1870.0958251953,1.1726850481,-11.6999988556,-3000
9.8,0.0272364977,-19.0072250366,-1820.095703125,1.1715000477,-12,-3000
9.9,0.0253267618,-19.1867332458,-1770.095703125,1.1702850484,-12.2999992371,-3000
10,0.0233993198,-19.3612442017,-1720.095703125,1.1690400485,-12.5999994278,-3000
10.1,0.02145468,-19.5307540894,-1670.0959472656,1.1677650483,-12.8999996185,-3000
10.2,0.0194933363,-19.6952629089,-1620.0958251953,1.1664600484,-13.1999988556,-3000
10.3,0.0175157921,-19.8547706604,-1570.095703125,1.1651250483,-13.5,-3000
10.4,0.0155225469,-20.0092811584,-1520.0958251953,1.1637600479,-13.7999992371,-3000
10.5,0.0135141018,-20.1587905884,-1470.0958251953,1.1623650496,-14.0999994278,-3000
10.6,0.0114909561,-20.3032989502,-1420.0958251953,1.1609400492,-14.3999996185,-3000
10.7,0.0094536089,-20.4428100586,-1370.095703125,1.1594850491,-14.6999988556,-3000
10.8,0.0074025606,-20.5773200989,-1320.0959472656,1.1580000473,-15,-3000
10.9,0.0053383131,-20.706829071,-1270.0959472656,1.15648505,-15.2999992371,-3000
11,0.0032613629,-20.8313388824,-1220.0958251953,1.1549400506,-15.5999994278,-3000
11.1,0.0011722104,-20.9508476257,-1170.0958251953,1.1533650486,-15.8999996185,-3000
11.2,-0.0009286394,-21.0653572083,-1120.0958251953,1.1517600464,-16.2000007629,-3000
11.3,-0.0030406939,-21.17486763,-1070.0958251953,1.1501250495,-16.5,-3000
11.4,-0.0051634457,-21.2793769836,-1020.0958251953,1.1484600496,-16.7999992371,-3000
11.5,-0.0072964019,-21.3788871765,-970.0958251953,1.14676505,-17.0999984741,-3000
11.6,-0.0094390591,-21.4733963013,-920.0957641602,1.1450400534,-17.3999977112,-3000
11.7,-0.0115909123,-21.5629062653,-870.0959472656,1.143285051,-17.6999988556,-3000
11.8,-0.0137514699,-21.6474151611,-820.0958862305,1.1415000483,-18,-3000
11.9,-0.0159202304,-21.7269248962,-770.0958251953,1.1396850487,-18.2999992371,-3000
12,-0.0180966953,-21.8014354706,-720.0957641602,1.1378400526,-18.5999984741,-3000
12.1,-0.0202803527,-21.8709449768,-670.0958251953,1.1359650497,-18.8999996185,-3000
12.2,-0.0224707131,-21.9354534149,-620.0957641602,1.1340600471,-19.2000007629,-3000
12.3,-0.024667276,-21.9949645996,-570.0957641602,1.1321250508,-19.5,-3000
12.4,-0.0268695401,-22.0494728088,-520.0958251953,1.1301600514,-19.7999992371,-3000
12.5,-0.0290770019,-22.0989837646,-470.0959472656,1.1281650518,-20.0999984741,-3000
12.6,-0.0312891719,-22.1434936523,-420.0958862305,1.1261400487,-20.3999996185,-3000
12.7,-0.0335055394,-22.1830024719,-370.0957641602,1.1240850529,-20.6999988556,-3000
12.8,-0.0357255984,-22.2175102234,-320.0959472656,1.1220000498,-21,-3000
12.9,-0.0379488697,-22.2470207214,-270.0958862305,1.119885054,-21.2999992371,-3000
13,-0.0401748342,-22.2715301514,-220.0957946777,1.1177400514,-21.5999984741,-3000
13.1,-0.042403011,-22.2910385132,-170.0959320068,1.1155650555,-21.8999977112,-3000
13.2,-0.0446328749,-22.3055496216,-120.0958862305,1.1133600557,-22.1999988556,-3000
13.3,-0.0468639579,-22.3150596619,-70.0957794189,1.1111250487,-22.5,-3000
13.4,-0.049095726,-22.319568634,-20.0957832336,1.1088600531,-22.7999992371,-3000
13.5,-0.0513277001,-22.3190784454,29.9042167664,1.1065650503,-23.0999984741,-3000
13.6,-0.0535593718,-22.3135871887,79.9040679932,1.1042400459,-23.3999996185,-3000
13.7,-0.0557902522,-22.3030986786,129.9041137695,1.1018850598,-23.6999988556,-3000
13.8,-0.0580198298,-22.2876091003,179.9042205811,1.0995000475,-24,-3000
13.9,-0.0602476023,-22.2671165466,229.9040679932,1.0970850522,-24.2999992371,-3000
14,-0.0624730863,-22.2416267395,279.9041137695,1.0946400571,-24.5999984741,-3000
14.1,-0.0646957647,-22.2111358643,329.9042053223,1.092165044,-24.8999996185,-3000
14.2,-0.0669151405,-22.1756439209,379.9040527344,1.0896600597,-25.1999988556,-3000
14.3,-0.0691307255,-22.1351547241,429.9041137695,1.0871250541,-25.4999980927,-3000
14.4,-0.0713420072,-22.0896663666,479.9040527344,1.0845600511,-25.7999992371,-3000
14.5,-0.0735484971,-22.0391750336,529.9041137695,1.0819650567,-26.0999984741,-3000
14.6,-0.0757496811,-21.9836845398,579.9041748047,1.0793400616,-26.3999977112,-3000
14.7,-0.0779450625,-21.9231948853,629.9040527344,1.0766850589,-26.6999988556,-3000
14.8,-0.0801341533,-21.8577041626,679.9041137695,1.0740000531,-26.9999980927,-3000
14.9,-0.0823164407,-21.7872123718,729.9042358398,1.0712850504,-27.2999992371,-3000
15,-0.0844914226,-21.7117233276,779.9040527344,1.0685400558,-27.5999984741,-3000
15.1,-0.086658617,-21.6312332153,829.9041137695,1.0657650614,-27.8999977112,-3000
15.2,-0.0888175048,-21.5457420349,879.9041748047,1.0629600585,-28.1999988556,-3000
15.3,-0.09096759,-21.4552516937,929.9040527344,1.060125052,-28.4999980927,-3000
15.4,-0.0931083794,-21.3597602844,979.9039306641,1.0572600835,-28.7991733551,-2983.4943847656
15.5,-0.0952393871,-21.2592697144,1029.9040527344,1.0543653322,-29.0950241089,-2933.4946289063
15.6,-0.0973600864,-21.1537780762,1079.9041748047,1.0514412457,-29.3858718872,-2883.4943847656
15.7,-0.0994699699,-21.0432891846,1129.904296875,1.048488325,-29.6717224121,-2833.4946289063
15.8,-0.1015685671,-20.9277992249,1179.9041748047,1.0455070683,-29.9525699615,-2783.4943847656
15.9,-0.103655356,-20.807308197,1229.9041748047,1.0424979776,-30.2284202576,-2733.4946289063
16,-0.1057298491,-20.6818199158,1279.9039306641,1.0394615508,-30.4992694855,-2683.4943847656
16.1,-0.1077915677,-20.5513286591,1329.9040527344,1.0363982897,-30.76512146,-2633.4946289063
16.2,-0.1098399642,-20.4158363342,1379.904296875,1.0333086932,-31.0259666443,-2583.4943847656
16.3,-0.1118745609,-20.2753486633,1429.904296875,1.0301932637,-31.2818164825,-2533.4946289063
16.4,-0.1138948621,-20.1298561096,1479.904296875,1.0270524984,-31.5326690674,-2483.4946289063
16.5,-0.1159003612,-19.9793663025,1529.9038085938,1.0238868948,-31.7785148621,-2433.4946289063
16.6,-0.1178905691,-19.8238773346,1579.9040527344,1.0206969604,-32.019367218,-2383.4946289063
16.7,-0.1198649816,-19.6633853912,1629.904296875,1.0174831897,-32.2552146912,-2333.4943847656
16.8,-0.1218230807,-19.4978961945,1679.9041748047,1.0142460833,-32.4860649109,-2283.4946289063
16.9,-0.1237643809,-19.3274040222,1729.904296875,1.0109861419,-32.7119140625,-2233.4943847656
17,-0.1256883859,-19.1519145966,1779.9041748047,1.0077038687,-32.932762146,-2183.4946289063
17.1,-0.1275945994,-18.9714241028,1829.9038085938,1.0043997583,-33.1486129761,-2133.4943847656
17.2,-0.1294825181,-18.7859325409,1879.9040527344,1.0010743118,-33.359462738,-2083.4946289063
17.3,-0.1313516343,-18.5954437256,1929.9041748047,0.9977280342,-33.5653114319,-2033.4943847656
17.4,-0.1332014292,-18.3999519348,1979.904296875,0.9943614188,-33.7661590576,-1983.4945068359
17.5,-0.1350314418,-18.1994628906,2029.904296875,0.9909749671,-33.9620094299,-1933.4946289063
17.6,-0.1368411551,-17.993970871,2079.904296875,0.9875691766,-34.1528587341,-1883.4945068359
17.7,-0.1386300692,-17.7834815979,2129.904296875,0.9841445573,-34.3387069702,-1833.4946289063
17.8,-0.1403976843,-17.5679893494,2179.904296875,0.9807016079,-34.5195579529,-1783.4945068359
17.9,-0.1421435002,-17.3474998474,2229.904296875,0.9772408118,-34.6954078674,-1733.4945068359
18,-0.1438670178,-17.1220092773,2279.904296875,0.9737626906,-34.8662567139,-1683.4945068359
18.1,-0.145567736,-16.8915195465,2329.904296875,0.9702677294,-35.0321083069,-1633.4946289063
18.2,-0.1472451554,-16.6560287476,2379.904296875,0.9667564363,-35.1929550171,-1583.4945068359
18.3,-0.1488987749,-16.4155387878,2429.904296875,0.9632293019,-35.3488082886,-1533.4945068359
18.4,-0.1505280949,-16.17004776,2479.904296875,0.95968684,-35.4996566772,-1483.4946289063
18.5,-0.1521326169,-15.9195575714,2529.904296875,0.9561295428,-35.6455039978,-1433.4946289063
18.6,-0.1537118413,-15.6640663147,2579.904296875,0.9525579028,-35.7863540649,-1383.4945068359
18.7,-0.1552652643,-15.4035758972,2629.904296875,0.9489724354,-35.9222068787,-1333.4945068359
18.8,-0.156792389,-15.138086319,2679.904296875,0.9453736374,-36.0530548096,-1283.4946289063
18.9,-0.1582927154,-14.8675956726,2729.904296875,0.9417619871,-36.1789016724,-1233.4946289063
19,-0.159765742,-14.5921058655,2779.904296875,0.9381380165,-36.2997550964,-1183.4945068359
19.1,-0.1612109682,-14.3116149902,2829.904296875,0.9345022007,-36.4156036377,-1133.4946289063
19.2,-0.1626278978,-14.0261249542,2879.904296875,0.9308550684,-36.5264511108,-1083.4946289063
19.3,-0.1640160278,-13.7356357574,2929.904296875,0.9271970855,-36.6323013306,-1033.4946289063
19.4,-0.1653748584,-13.4401435852,2979.904296875,0.9235287688,-36.7331504822,-983.4946289063
19.5,-0.1667039394,-13.1411495209,3000,0.9198506237,-36.8290023804,-933.4945068359
19.6,-0.1680030534,-12.8411502838,3000,0.9161631453,-36.9198493958,-883.4946289063
19.7,-0.1692721684,-12.5411491394,3000,0.9124668175,-37.0056991577,-833.4946899414
19.8,-0.1705112833,-12.2411489487,3000,0.908762156,-37.0865478516,-783.4945068359
19.9,-0.1717203982,-11.9411487579,3000,0.9050496724,-37.162399292,-733.4945068359
20,-0.1728995129,-11.6411495209,3000,0.9013298501,-37.2332458496,-683.4945068359
20.1,-0.1740486279,-11.3411493301,3000,0.8976031875,-37.2990951538,-633.4945068359
20.2,-0.1751677427,-11.0411491394,3000,0.8938702045,-37.3599472046,-583.4945678711
20.3,-0.1762568578,-10.7411499023,3000,0.8901313643,-37.4157943726,-533.4945678711
20.4,-0.1773159726,-10.4411487579,3000,0.8863872015,-37.4666442871,-483.4946289063
20.5,-0.1783450872,-10.1411495209,3000,0.8826382132,-37.5124931335,-433.494720459
20.6,-0.1793442027,-9.8411493301,3000,0.8788848736,-37.5533447266,-383.4945373535
20.7,-0.1803133173,-9.5411491394,3000,0.8751277116,-37.5891914368,-333.4946289063
20.8,-0.1812524325,-9.2411499023,3000,0.871367211,-37.6200447083,-283.494720459
20.9,-0.1821615968,-8.9426450729,2970.095703125,0.8676038582,-37.6458930969,-233.4945526123
21,-0.1830410601,-8.6471300125,2940.19140625,0.8638381902,-37.6667404175,-183.4946289063
21.1,-0.1838911559,-8.3556108475,2890.19140625,0.8600706912,-37.6825904846,-133.494720459
21.2,-0.1847123494,-8.0690917969,2840.19140625,0.8563018318,-37.6934432983,-83.4945526123
21.3,-0.1855051411,-7.7875728607,2790.1916503906,0.8525321595,-37.6992950439,-33.4945602417
21.4,-0.1862700304,-7.5110535622,2740.19140625,0.8487621418,-37.700138092,16.5054359436
21.5,-0.1870075184,-7.2395343781,2690.19140625,0.8449922944,-37.6959915161,66.505355835
21.6,-0.1877181038,-6.9730153084,2640.1916503906,0.8412231086,-37.6868400574,116.5052719116
21.7,-0.1884022879,-6.7114963531,2590.19140625,0.8374551006,-37.6726875305,166.5054321289
21.8,-0.1890605697,-6.4549770355,2540.19140625,0.8336887551,-37.6535377502,216.5053405762
21.9,-0.1896934498,-6.2034578323,2490.1916503906,0.829924555,-37.6293869019,266.5052490234
22,-0.190301428,-5.9569387436,2440.19140625,0.8261630249,-37.6002349854,316.5054321289
22.1,-0.1908850041,-5.7154192924,2390.1916503906,0.8224046815,-37.5660858154,366.5053405762
22.2,-0.1914446786,-5.4788999557,2340.1916503906,0.8186499744,-37.5269355774,416.5052490234
22.3,-0.1919809505,-5.2473812103,2290.19140625,0.8148994553,-37.4827842712,466.5053405762
22.4,-0.1924943216,-5.0208621025,2240.1916503906,0.811153583,-37.433631897,516.5052490234
22.5,-0.1929852897,-4.7993426323,2190.1916503906,0.8074128905,-37.3794822693,566.5054321289
22.6,-0.1934543569,-4.5828237534,2140.19140625,0.8036778676,-37.3203315735,616.5053710938
22.7,-0.1939020211,-4.371304512,2090.1916503906,0.799948998,-37.2561798096,666.5052490234
22.8,-0.1943287845,-4.1647853851,2040.1916503906,0.7962267806,-37.1870307922,716.5053710938
22.9,-0.1947351451,-3.9632663727,1990.1916503906,0.7925117514,-37.1128845215,766.5053710938
23,-0.195121604,-3.7667472363,1940.1916503906,0.7888043849,-37.0337295532,816.5052490234
23.1,-0.1954886609,-3.5752282143,1890.1916503906,0.7851051805,-36.9495811462,866.5053710938
23.2,-0.1958368163,-3.3887085915,1840.1916503906,0.7814146252,-36.8604278564,916.5053100586
23.3,-0.196166569,-3.2071895599,1790.1917724609,0.7777332678,-36.7662811279,966.5051269531
23.4,-0.1964784207,-3.030670166,1740.1916503906,0.7740615371,-36.6671295166,1016.5052490234
23.5,-0.1967728696,-2.859151125,1690.1916503906,0.7703999938,-36.5629768372,1066.5053710938
23.6,-0.1970504177,-2.6926321983,1640.1916503906,0.7667491096,-36.4538269043,1116.5053710938
23.7,-0.1973115634,-2.5311129093,1590.1916503906,0.7631093932,-36.339679718,1166.5053710938
23.8,-0.1975568067,-2.3745937347,1540.1916503906,0.7594813446,-36.2205276489,1216.5053710938
23.9,-0.1977866484,-2.2230746746,1490.1916503906,0.7558654645,-36.0963745117,1266.5052490234
24,-0.1980015875,-2.0765554905,1440.1916503906,0.7522622303,-35.9672279358,1316.5051269531
24.1,-0.1982021264,-1.9350364208,1390.1916503906,0.748672164,-35.8330764771,1366.5053710938
24.2,-0.1983887613,-1.798517108,1340.1916503906,0.7450957883,-35.6939239502,1416.5053710938
24.3,-0.1985619962,-1.6669983864,1290.1916503906,0.7415335809,-35.5497741699,1466.5053710938
24.4,-0.1987223283,-1.5404789448,1240.1916503906,0.7379860077,-35.4006233215,1516.5052490234
24.5,-0.1988702577,-1.4189600945,1190.1916503906,0.7344535915,-35.2464752197,1566.5050048828
24.6,-0.1990062874,-1.3024405241,1140.1916503906,0.7309368674,-35.0873222351,1616.5053710938
24.7,-0.1991309135,-1.1909217834,1090.1916503906,0.7274362985,-34.9231719971,1666.5053710938
24.8,-0.199244638,-1.0844022036,1040.1916503906,0.7239523979,-34.7540206909,1716.5053710938
24.9,-0.1993479603,-0.9828829765,990.1917724609,0.7204856658,-34.5798721313,1766.5053710938
25,-0.1994413811,-0.8863638639,940.1915893555,0.7170366021,-34.400718689,1816.5051269531
25.1,-0.1995253986,-0.7948442101,890.1917724609,0.7136056961,-34.2165718079,1866.5051269531
25.2,-0.1996005169,-0.7083255053,840.1917114258,0.710193435,-34.0274200439,1916.5053710938
25.3,-0.1996672306,-0.6268059015,790.1916503906,0.706800377,-33.8332672119,1966.5053710938
25.4,-0.1997260437,-0.5502867699,740.1917724609,0.7034269543,-33.6341171265,2016.5053710938
25.5,-0.1997774572,-0.4787674248,690.1915283203,0.7000737083,-33.4299697876,2066.5053710938
25.6,-0.1998219645,-0.4122487307,640.1916503906,0.6967411274,-33.2208175659,2116.5053710938
25.7,-0.1998600732,-0.3507290483,590.1917114258,0.6934297113,-33.0066680908,2166.5053710938
25.8,-0.1998922794,-0.2942104042,540.1915893555,0.6901399605,-32.7875175476,2216.5053710938
25.9,-0.1999190815,-0.2426905334,490.1918029785,0.6868723752,-32.5633659363,2266.5053710938
26,-0.1999409827,-0.1961717457,440.1917114258,0.6836274548,-32.3342170715,2316.5053710938
26.1,-0.1999584837,-0.1546526849,390.1916503906,0.680405698,-32.100063324,2366.5053710938
26.2,-0.1999720798,-0.1181335598,340.1918334961,0.6772076066,-31.8609161377,2416.5053710938
26.3,-0.1999822758,-0.0866145343,290.1917114258,0.6740336809,-31.6167640686,2466.5053710938
26.4,-0.1999895718,-0.0600952506,240.1916656494,0.6708844209,-31.3676147461,2516.5053710938
26.5,-0.199994461,-0.0385760814,190.1918182373,0.6677603249,-31.1134605408,2566.5053710938
26.6,-0.1999974537,-0.022057021,140.1917114258,0.6646618955,-30.8543128967,2616.5053710938
26.7,-0.1999990401,-0.0105380779,90.1916656494,0.6615896299,-30.5901641846,2666.5053710938
26.8,-0.199999727,-0.0040186783,40.1918106079,0.6585440277,-30.3210105896,2716.5053710938
26.9,-0.1999999604,-0.0010050038,20.0957832336,0.6555255933,-30.0468616486,2766.5053710938
27,-0.199999994,0,9.81E-005,0.652534825,-29.7677097321,2816.5053710938
27.1,-0.2,0,0,0.6495722204,-29.4835605621,2866.5053710938
27.2,-0.2,0,0,0.6466382779,-29.1944084167,2916.5053710938
27.3,-0.2,0,0,0.6437335033,-28.9002609253,2966.5053710938
27.4,-0.2,0,0,0.6408583669,-28.601934433,3000
27.5,-0.2,0,0,0.6380131743,-28.3019332886,3000
27.6,-0.2,0,0,0.6351979806,-28.0019340515,3000
27.7,-0.2,0,0,0.6324127873,-27.7019348145,3000
27.8,-0.2,0,0,0.6296575943,-27.4019355774,3000
27.9,-0.2,0,0,0.6269324003,-27.101934433,3000
28,-0.2,0,0,0.6242372077,-26.8019332886,3000
28.1,-0.2,0,0,0.6215720137,-26.5019340515,3000
28.2,-0.2,0,0,0.6189368204,-26.2019348145,3000
28.3,-0.2,0,0,0.6163316276,-25.90193367,3000
28.4,-0.2,0,0,0.6137564341,-25.6019325256,3000
28.5,-0.2,0,0,0.6112112405,-25.3019332886,3000
28.6,-0.2,0,0,0.6086960461,-25.0019340515,3000
28.7,-0.2,0,0,0.6062108532,-24.7019348145,3000
28.8,-0.2,0,0,0.6037556601,-24.40193367,3000
28.9,-0.2,0,0,0.6013304666,-24.101934433,3000
29,-0.2,0,0,0.5989352718,-23.8019332886,3000
29.1,-0.2,0,0,0.596570079,-23.5019340515,3000
29.2,-0.2,0,0,0.5942348863,-23.2019348145,3000
29.3,-0.2,0,0,0.591929693,-22.9019355774,3000
29.4,-0.2,0,0,0.5896544992,-22.6019325256,3000
29.5,-0.2,0,0,0.5874093072,-22.3019332886,3000
29.6,-0.2,0,0,0.5851941127,-22.0019340515,3000
29.7,-0.2,0,0,0.5830089198,-21.7019348145,3000
29.8,-0.2,0,0,0.5808537258,-21.4019317627,3000
29.9,-0.2,0,0,0.5787285336,-21.1019325256,3000
30,-0.2,0,0,0.5766333377,-20.8019332886,3000
30.1,-0.2,0,0,0.5745681433,-20.5019340515,3000
30.2,-0.2,0,0,0.5725329511,-20.2019348145,3000
30.3,-0.2,0,0,0.5705277568,-19.9019355774,3000
30.4,-0.2,0,0,0.5685525644,-19.601934433,3000
30.5,-0.2,0,0,0.56660737,-19.3019351959,3000
30.6,-0.2,0,0,0.5646921797,-19.0019359589,3000
30.7,-0.2,0,0,0.5628069874,-18.7019329071,3000
30.8,-0.2,0,0,0.5609517931,-18.40193367,3000
30.9,-0.2,0,0,0.5591266004,-18.101934433,3000
31,-0.2,0,0,0.5573314042,-17.8019351959,3000
31.1,-0.2,0,0,0.5555662101,-17.5019340515,3000
31.2,-0.2,0,0,0.5538310178,-17.2019348145,3000
31.3,-0.2,0,0,0.5521258228,-16.90193367,3000
31.4,-0.2,0,0,0.550450633,-16.601934433,3000
31.5,-0.2,0,0,0.5488054382,-16.3019351959,3000
31.6,-0.2,0,0,0.5471902399,-16.0019359589,3000
31.7,-0.2,0,0,0.5456050485,-15.7019348145,3000
31.8,-0.2,0,0,0.5440498565,-15.4019355774,3000
31.9,-0.2,0,0,0.5425246637,-15.101934433,3000
32,-0.2,0,0,0.5410294689,-14.8019342422,3000
32.1,-0.2,0,0,0.5395642736,-14.5019340515,3000
32.2,-0.2,0,0,0.5381290847,-14.2019348145,3000
32.3,-0.2,0,0,0.5367238868,-13.9019355774,3000
32.4,-0.2,0,0,0.5353486945,-13.601934433,3000
32.5,-0.2,0,0,0.5340035027,-13.3019351959,3000
32.6,-0.2,0,0,0.5326883108,-13.0019340515,3000
32.7,-0.2,0,0,0.531403116,-12.7019348145,3000
32.8,-0.2,0,0,0.5301479204,-12.4019355774,3000
32.9,-0.2,0,0,0.528922732,-12.1019353867,3000
33,-0.2,0,0,0.5277275336,-11.8019342422,3000
33.1,-0.2,0,0,0.5265623413,-11.5019359589,3000
33.2,-0.2,0,0,0.5254271457,-11.2019357681,3000
33.3,-0.2,0,0,0.5243219507,-10.9019355774,3000
33.4,-0.2,0,0,0.523246763,-10.6019353867,3000
33.5,-0.2,0,0,0.5222015644,-10.3019351959,3000
33.6,-0.2,0,0,0.5211863716,-10.0019359589,3000
33.7,-0.2,0,0,0.5202011759,-9.7019357681,3000
33.8,-0.2,0,0,0.5192459812,-9.4019355774,3000
33.9,-0.2,0,0,0.5183207691,-9.1027603149,2983.4946289063
34,-0.2,0,0,0.5174253837,-8.8052358627,2966.9892578125
34.1,-0.2,0,0,0.516559609,-8.5110359192,2916.9895019531
34.2,-0.2,0,0,0.515723007,-8.2218379974,2866.9897460938
34.3,-0.2,0,0,0.5149150747,-7.9376382828,2816.9895019531
34.4,-0.2,0,0,0.5141353128,-7.6584396362,2766.9897460938
34.5,-0.2,0,0,0.5133832202,-7.3842406273,2716.9895019531
34.6,-0.2,0,0,0.5126582982,-7.1150417328,2666.9897460938
34.7,-0.2,0,0,0.5119600452,-6.8508424759,2616.9897460938
34.8,-0.2,0,0,0.5112879626,-6.5916438103,2566.9897460938
34.9,-0.2,0,0,0.5106415499,-6.3374447823,2516.9897460938
35,-0.2,0,0,0.5100203068,-6.0882458687,2466.9895019531
35.1,-0.2,0,0,0.5094237344,-5.8440465927,2416.9897460938
35.2,-0.2,0,0,0.5088513305,-5.604847908,2366.9895019531
35.3,-0.2,0,0,0.5083025978,-5.3706493378,2316.9897460938
35.4,-0.2,0,0,0.5077770341,-5.1414499283,2266.9895019531
35.5,-0.2,0,0,0.5072741413,-4.9172511101,2216.9897460938
35.6,-0.2,0,0,0.5067934177,-4.6980524063,2166.9897460938
35.7,-0.2,0,0,0.5063343637,-4.4838528633,2116.9897460938
35.8,-0.2,0,0,0.5058964803,-4.2746543884,2066.9897460938
35.9,-0.2,0,0,0.5054792664,-4.0704550743,2016.9896240234
36,-0.2,0,0,0.5050822217,-3.8712563515,1966.9897460938
36.1,-0.2,0,0,0.5047048484,-3.6770572662,1916.9897460938
36.2,-0.2,0,0,0.5043466445,-3.4878585339,1866.9897460938
36.3,-0.2,0,0,0.5040071106,-3.3036592007,1816.9897460938
36.4,-0.2,0,0,0.5036857459,-3.1244602203,1766.9897460938
36.5,-0.2,0,0,0.5033820509,-2.9502613544,1716.9897460938
36.6,-0.2,0,0,0.5030955272,-2.781062603,1666.9897460938
36.7,-0.2,0,0,0.502825673,-2.6168632507,1616.9897460938
36.8,-0.2,0,0,0.5025719872,-2.4576644897,1566.9897460938
36.9,-0.2,0,0,0.5023339728,-2.3034656048,1516.9897460938
37,-0.2,0,0,0.5021111281,-2.1542665958,1466.9897460938
37.1,-0.2,0,0,0.5019029535,-2.0100674629,1416.9897460938
37.2,-0.2,0,0,0.5017089481,-1.8708686829,1366.9897460938
37.3,-0.2,0,0,0.501528613,-1.7366696596,1316.9897460938
37.4,-0.2,0,0,0.5013614462,-1.6074706316,1266.9897460938
37.5,-0.2,0,0,0.5012069514,-1.4832718372,1216.9897460938
37.6,-0.2,0,0,0.5010646258,-1.3640725613,1166.9897460938
37.7,-0.2,0,0,0.5009339699,-1.2498737574,1116.9897460938
37.8,-0.2,0,0,0.5008144849,-1.1406748295,1066.9897460938
37.9,-0.2,0,0,0.5007056692,-1.036476016,1016.9898681641
38,-0.2,0,0,0.5006070228,-0.9372768998,966.9897460938
38.1,-0.2,0,0,0.5005180463,-0.8430776,916.9898681641
38.2,-0.2,0,0,0.5004382401,-0.7538790703,866.9897460938
38.3,-0.2,0,0,0.5003671031,-0.6696796417,816.9898071289
38.4,-0.2,0,0,0.5003041378,-0.5904809237,766.9898681641
38.5,-0.2,0,0,0.5002488396,-0.5162817836,716.9896850586
38.6,-0.2,0,0,0.5002007151,-0.4470830262,666.9898071289
38.7,-0.2,0,0,0.5001592564,-0.3828837872,616.9897460938
38.8,-0.2,0,0,0.5001239707,-0.3236849308,566.9896850586
38.9,-0.2,0,0,0.5000943532,-0.2694862187,516.9898681641
39,-0.2,0,0,0.5000699055,-0.2202872932,466.9897460938
39.1,-0.2,0,0,0.5000501284,-0.1760884821,416.9896850586
39.2,-0.2,0,0,0.5000345223,-0.1368891597,366.9899291992
39.3,-0.2,0,0,0.5000225839,-0.1026899442,316.9897766113
39.4,-0.2,0,0,0.5000138185,-0.0734911487,266.9898681641
39.5,-0.2,0,0,0.5000077197,-0.0492918454,216.9899291992
39.6,-0.2,0,0,0.500003793,-0.0300936103,166.9897766113
39.7,-0.2,0,0,0.5000015358,-0.0158942118,116.9898529053
39.8,-0.2,0,0,0.5000004468,-0.006695251,66.9899368286
39.9,-0.2,0,0,0.5000000566,-0.0016725304,33.4948883057
40,-0.2,0,0,0.5000000026,2.56E-006,0.000490643
40.1,-0.2,0,0,0.5,0,0
